6752954
78711838
52317148
74211072
74197074
31560731
19705578
45598372
31981310
133504495
6753284
157951736
125628650
161760627
122939194
33438248
22203763
6671684
112363090
75677414
189491684
35193307
71061455
84490431
134288917
15808988
7305029
6679935
70794816
6754012
84000009
40675736
114145505
162417975
88014720
15825005
312433955
201117
1374782
31543349
254750698
37359878
33563294
40849918
161016786
50053703
42415473
45592930
14602601
27754103
4185296
34610235
38044104
31560792
7305507
295054266
117938332
124486650
157951723
8567410
170763467
6934242
21746161
12963615
27754056
27370092
37360526
237820660
33859662
13994209
